00000000000000000000000100010011
00000000000000000000000110010011
00000010001100010010010100100011
00000000101000010010000100000011
11111111111100010000000100010011
00000000000000011000000110010011
11111110001100010100111111100011
00000000000100000000000010010011
00000000000100000000000000010011
00000000000000000000000000010011
00000000000000000000000010010011
00000000000000001000000000110011
00000000000000001000000010010011
00000000000100000000000000010011
11111110001000000100111111100011
00000000000000000010000001101111
00000000000100000000000100010011
00000000000000010000000000010011
00000010000000010010010100100011
